50
1 2 3
1 2 4
1 3 2
1 3 4
1 4 2
1 4 3
2 1 3
2 1 4
2 3 1
2 3 4
2 4 1
2 4 3
3 1 2
3 1 4
3 2 1
3 2 4
3 4 1
3 4 2
4 1 2
4 1 3
4 2 1
4 2 3
4 3 1
4 3 2
522 575 426
445 772 81
447 629 497
202 775 325
982 784 417
156 932 902
728 537 857
739 918 211
679 506 340
568 868 16
940 263 593
449 991 310
355 68 431
580 757 218
934 328 676
355 221 80
922 545 511
67 467 674
691 504 835
34 965 980
221 895 501
152 325 731
302 153 896
22 489 399
607 466 432
502 968 333

output
-1
-1
4
2
5
6
-1
-1
-1
-1
3
1
4
2
-1
-1
-1
-1
5
6
3
1
-1
-1
-1
-1
-1
898
-1
126
-1
-1
-1
-1
1270
852
144
-1
70
-1
-1
274
-1
49
1175
-1
-1
866
-1
-1
-1
1012
51
-1
-1
-1
988
890
-1
-1
-1
1072
-1
-1
138
-1
436
-1
-1
-1
-1
1115
-1
-1
1114
30
-1
-1
680
708
-1
248
-1
-1
817
-1
-1
716
-1
151
-1
-1
-1
-1
-1
-1
251
-1
-1
-1
-1
722
1004
-1
-1
662
-1
12
-1
1538
1049
-1
975
-1
-1
569
376
1516
-1
148